168.28800000000001
167.83799999999999
161.64275000000001
161.23224999999999
160.82175000000001
160.41125
156.86612499999998
156.484375
156.10262499999999
155.72087500000001
153.19300000000001
152.83700000000002
152.48099999999999
152.125
149.79475000000002
149.46424999999999
149.13375000000002
148.80324999999999
146.629625
146.32487499999999
146.02012500000001
145.71537499999999
143.76474999999999
143.48425
143.20374999999999
142.92325
141.174125
140.912375
140.65062500000002
140.38887500000001
138.72412499999999
138.484375
138.24462499999998
138.004875
136.47
136.25399999999999
136.03800000000001
135.822
134.44312500000001
134.245375
134.04762500000001
133.849875
132.57662500000001
132.39587499999999
132.215125
132.03437499999998
130.84937499999998
130.68412499999999
130.51887499999998
130.35362499999999
129.270375
129.119125
128.96787500000002
128.81662500000002
127.73225000000001
127.59275000000001
127.45325
127.31375